se crean:

[[1,2,3][]] [] [] []
[[4,5][]]   [] [] []
[[6,7,8][]] [] [] []

tiempo=1

[[][]]   [[][1,2,3][]]      [] []
[[][]]   [[4,5][8,6,7][]]   [] []
[[][]]   [[][9,10][]]       [] []

tiempo=2

[[][]]   [[][][3]]      [[2][1][]]      []
[[][]]   [[][4,5][]]    [[6,7][8][]]    []
[[][]]   [[][][]]       [[10][9][]]     []

tiempo=3

[[][]]   [[][][]]       [[3][2][]]      [[][8][]]
[[][]]   [[][][5]]      [[7,4][6][]]    [[][1][]]
[[][]]   [[][][]]       [[][10][]]      [[][9][]]

tiempo=4   llegan 8, 1 y 9

[[][]]   [[][][]]       [[5][3][]]      [[][2][]]
[[][]]   [[][][]]       [[4][7][]]      [[][6][]]
[[][]]   [[][][]]       [[][][]]        [[][10][]]

tiempo=5 llegan 2, 6 y 10

[[][]]   [[][][]]       [[][5][]]      [[][3][]]
[[][]]   [[][][]]       [[][4][]]      [[][7][]]
[[][]]   [[][][]]       [[][][]]       [[][][]]

tiempo=6 llegan 3 y 7

[[][]]   [[][][]]       [[][][]]       [[][5][]]
[[][]]   [[][][]]       [[][][]]       [[][4][]]
[[][]]   [[][][]]       [[][][]]       [[][][]]

tiempo=7 llegan 4 y 5